OC(C(N)=O)C1=CC=CC=C1
C  1.007588 4.948312 0.263575
O  1.012379 5.268355 1.635569
H  1.920504 5.088276 1.945531
C  2.482491 4.837309 -0.208158
N  2.704568 4.772397 -1.543268
H  1.983024 5.027022 -2.20144
H  3.660327 4.719027 -1.865546
O  3.375449 4.748077 0.631704
C  0.193192 5.948867 -0.536634
C  0.271135 7.319298 -0.252497
C  -0.624113 5.516156 -1.589213
C  -0.445258 8.239137 -1.019371
H  0.879263 7.651524 0.58269
C  -1.336919 6.438342 -2.362942
H  -0.721764 4.451843 -1.793604
C  -1.246303 7.80295 -2.080672
H  -0.381754 9.298429 -0.787257
H  -1.97184 6.088504 -3.171908
H  0.572743 3.945866 0.108842
H  -1.804486 8.521047 -2.674175
0
END